50
[274.3711624227221, 197.19217577437269, 140.83818084866766, 99.99184387095725, 70.5228520050293, 49.35137716800315, 34.20805261136573, 23.430439702270167, 15.805297866137069, 10.449891679871376, 6.723963582569603, 4.16534232304504, 2.445046380409134, 1.3612847352459558, 1.1597172730997167, 1.0341133799427062, -0.9407508549821813, 0.9282519632059694, -0.8279360292473558, 0.8341970633163215, -0.722244300488629, 0.7503146847441126, 0.5446430068920851, -0.4931362716385243, 0.6076145364164485, -0.5325002626739247, 0.5443692035639863, 0.4830859768665205, -0.44827855436362185, 0.42412515384762534, -0.37159891291585445, 0.3676633689294209, 0.31409875471828896, -0.3016427055053599, 0.2645723378678112, -0.23948442298379444, 0.21818226323000367, -0.18417658998854772, 0.17512644365584704, -0.1353326576972444, 0.13454220122597677, 0.09849806085212773, -0.09517268085709443, 0.06486860040623356, -0.06157491945126425, -0.03517717674803233, 0.03460502258087066, -0.014008116823027484, 0.00818629951058475]
20
[184.3255211336336, 80.62942010809381, 33.46138963059234, 12.758265014438011, 4.057311170622955, -0.9362046538656821, -0.795550377205507, 0.6807956628571671, -0.6426324305801602, -0.502174592793751, -0.36720976644983827, -0.24831087538528143, -0.15637364419646974, 0.10734750016381252, -0.09082380918627096, 0.050282973867752365, -0.046907209806461556, -0.01801478917295872, 0.010647814945767081]
100
[316.57032130482384, 268.32769659491186, 227.13044027786657, 192.0445881702923, 162.20828804947135, 136.86386890970104, 115.35541356180408, 97.1186230349086, 81.6695996648167, 68.59421935572338, 57.53855690065076, 48.20044900210278, 40.32214553414541, 33.683952862786235, 28.098761251225636, 23.40735162766585, 19.47438733707297, 16.18501140335409, 13.441990740643206, 11.163384069399893, 9.280790506382623, 7.738491717373514, 6.495046545749518, 5.54279649744925, 5.19860466495489, 4.9914045430936556, 4.828456685953227, 4.6898048389675795, 4.545911517416088, 4.400877666919369, 4.2642290201674395, 4.137138963711861, 4.014568299972513, 3.8930091676258685, 3.7729470999276784, 3.6552172954742437, 3.53968479280551, 3.4258893770914347, 3.313610997319157, 3.2028359350938334, 3.0935892416569497, 2.985880004362745, 2.879704623781386, 2.7750639920282794, 2.671963137322837, 2.5704099015125115, 2.4704128901309925, 2.371980911931252, 2.2751230611548228, 2.1798487275308864, 2.086167695443295, 1.9940901314931927, 1.9036266124945602, 1.8147881589683097, 1.7275862522649155, 1.642032892105666, 1.5581406208699786, 1.475922601479254, 1.395392644844594, 1.316565296942686, 1.239455905923559, 1.1640807108375304, 1.0904569429196687, 1.0186091492326823, -0.9408480092343792, 0.9485383671480291, 0.880287170543662, -0.8279391797539655, 0.8138627499158122, -2.931871927690836, 2.958926078852338, 0.6866191452997004, -0.6237646662927461, 0.6258492807670348, 0.567030535357568, -0.5325049258025581, 0.5101903379830204, -0.43109233302054367, 0.43800483800707396, 0.4026147824206708, -0.3716238761042832, 0.35197587067252967, -0.2632323030884886, 0.2647398667274476, 0.2572932128532523, -0.2395999603199593, 0.21340135638948848, -0.1844096345080465, 0.17193760895271204, -0.13643372990844324, 0.13302865706647693, 0.007665288631236944, -0.006498019748355954, 0.06335167855210412, -0.06187984770052949, -0.03569854406128204, 0.033630654984625336, -0.014544409382943347, 0.007464496383623578]

300:

T 342.951 s
Matrix of hamiltonian H:
too large
Eigenvalues:
 [368.85247368919846, 344.7068210322459, 326.6764601886937, 309.77045721204826, 293.76400748783874, 278.60557377518563, 264.2523054184834, 250.66314184354016, 237.79894132162516, 225.62244381404793, 214.09821972270282, 203.19260749159983, 192.8736438553504, 183.11099576505083, 173.8758873396758, 165.14103127664782, 156.8805603112843, 149.06996180644833, 141.68601463910667, 134.70672920007522, 128.11128998573656, 121.88000181687036, 115.99423881895407, 110.43639690550427, 105.18984934242276, 100.23890617271553, 95.56877731044179, 91.16553933110576, 87.0161075444674, 83.10821258136357, 79.430383807687, 75.97194045048569, 72.72299274185491, 69.67445461118665, 66.81809912996759, 64.14657231419112, 61.65358500703524, 59.33404092149037, 57.18443940635519, 55.20354355078479, 53.39387460136268, 51.76575529694688, 50.3538182017983, 49.38056911692021, 54.714432277452644, 42.912260595703174, 48.25572432911843, 47.9143235868228, 47.53162423433127, 47.217886432569344, 46.819199908438364, 46.54595840975908, 46.174877443807894, 45.8439360486607, 45.49249847597951, 45.18765857585953, 44.80284842377652, 44.4733133644721, 44.249651489016976, 43.8402615278716, 43.497696621453706, 43.21199111974365, 42.81339787310844, 42.51077792724807, 42.20657079755251, 41.94162341999864, 41.43268774815976, 41.36820956158636, 40.871455513767344, 40.627820456352026, 40.30246077933722, 39.923978829153874, 39.5744390341767, 39.30842942582051, 39.14466483681308, 38.70121066908848, 38.38014139977183, 38.07090830972865, 37.762360580584925, 37.44844629329474, 37.16360452381427, 36.52518359439164, 36.868320620674446, 36.25149426786054, 35.91665753437766, 35.638512705189974, 35.312550049261, 34.96011895596422, 34.79884560385371, 34.34840820388109, 34.212377303162995, 33.85695359343709, 33.56234134097394, 33.203163396842704, 32.9870132834201, 32.6674358334752, 32.369782618396684, 32.07889519030579, 31.76101833772341, 31.610652995969655, 31.200766809152984, 30.950957634135158, 30.659493622907906, 30.04926618129171, 30.433359130683495, 29.79444540129368, 29.56827311370899, 29.24659452825868, 28.952975724244244, 27.36944641654887, 29.79719784222864, 28.160543565763437, 28.072512213064226, 27.447746297163878, 27.32073889833382, 27.1087759825227, 26.806601870981105, 26.56405931591749, 26.179282643855117, 26.097800456707144, 25.765056895328865, 25.48859319274965, 25.223503049006162, 24.974442755170887, 24.70488483082738, 24.37150525542564, 24.295329127171605, 23.944071062347636, 23.7067217449022, 23.43120512649348, 23.101162164864412, 23.02708834250022, 20.811448960719783, 24.313647788345243, 22.192261263967684, 21.93176297267894, 21.86416450085632, 21.32287647265613, 21.128793296354477, 21.062365752434296, 20.754258609016624, 20.481139186774712, 20.264425931771243, 20.034154046231787, 19.779559654637573, 19.55783242830452, 19.336471981089637, 19.08911364201785, 18.855340929791932, 18.64134743639009, 18.40146353515271, 18.18625728582868, 17.947600958940104, 17.734028177979702, 17.424546738095295, 17.380387956762952, 17.06078510870374, 16.777816122829652, 16.668680041917575, 16.41340643602891, 16.20977071003858, 15.97052920549705, 15.763498685426233, 15.543662178699437, 14.991242931934542, 15.451005849806894, 14.940165844973997, 14.743502107421289, 14.452977348973917, 14.343831396752755, 14.092115489378322, 13.901516414760456, 13.70845212821475, 13.501066223749861, 13.275845345264788, 13.128304538691753, 12.837598279880767, 12.789831273375892, 12.511019385439605, 12.329289381137643, 12.132258785076562, 11.951976501313633, 11.751383140947977, 11.56952699899335, 11.383303913584836, 11.198611815301353, 11.013687580542328, 10.832622693912796, 10.652509723755177, 10.471756338898192, 10.293258950404004, 10.116413237317877, 9.941019571923025, 9.766078484909809, 9.592862396652121, 9.414832520223296, 9.257068535665045, 9.096802475139112, 8.897867144087716, 8.74675531653281, 8.581305671254986, 8.417301889693594, 8.254955077031646, 8.093412994627515, 7.933367665642353, 7.7746893521426195, 7.61734840085126, 7.4521489042153295, 7.315870007124301, 7.153504063718901, 7.001275712791089, 6.850783030783346, 6.701584758808705, 6.553626147822389, 6.407245057933075, 6.262041082841697, 6.11827813804243, 5.9759327651184195, 5.834877607245989, 5.695300752796647, 5.557091949864811, 5.420281731358959, 5.284848346330043, 5.150898991265821, 5.0182963335498485, 4.887112935406949, 4.757376681418589, 4.629061977337311, 4.5021819141624615, 4.376736605033499, 4.252742409586488, 4.130193721339987, 4.009105510840362, 3.889477833558115, 3.7713190464923545, 3.654635006303926, 3.5394322348431855, 3.425717226033269, 3.313497180842665, 3.2027774095660377, 3.0935674463550096, 2.985873134012005, 2.879702185089153, 2.7750625547689065, 2.6719621894727554, 2.5704094029614426, 2.470412653696493, 2.371980840514841, 2.275123034438798, 2.1798487189379387, 2.086167690372548, 1.9940901266543503, 1.9036266100512678, 1.8147881558196433, 1.727586234644213, 1.6420328575356988, 1.5581405742080972, 1.475922573618947, 1.3953926365737115, 1.3165652863414548, 1.2394559030511898, 1.164080666796664, 1.0904569152376355, 1.0186029393111433, 0.5818109686094854, -0.5741144585913717, 0.8802840151414372, -0.8278730459958344, 0.8137995959844551, 0.7492986538184367, -0.7222445243664365, 0.686619134547645, 0.47949974635893483, -0.4774153899461682, 0.5670310645551564, -0.5325055898030804, 0.5101903219051799, 0.45535824470572306, -0.4484465898614904, 0.40261477579180666, -0.3716222134858825, 0.35197569729856476, 0.09792862822358483, -0.09642098313229053, 0.2572932114772922, -0.23959996183405885, 0.21340135618079173, -0.18440963453725498, 0.17193760884116693, -0.13643372979973534, 0.13302865603411146, 0.01091011736641101, -0.009742848640890367, 0.06359523490321414, -0.06212340427705697, -0.035698549948131236, 0.03363065351769205, -0.014544343865186412, 0.00746449614573081]

T 5694.519 s

Total time: 5694.521 s

Process finished with exit code 0


Jacobi:
H(30)
8.569711208343506

8.609780311584473
8.512619733810425
8.4



LU>
9.86
5.9

29.939069747924805
164
[316.5662481532753, 268.3270977110402, 227.13022358729904, 192.04448350212803, 162.20822937722164, 136.8638328745243, 115.35539005256534, 97.11860702586075, 81.6695884132691, 68.59421125603146, 57.53855096139963, 48.2004445839705, 40.32214220991961, 38.32250114769367, 33.683950339847584, 28.09875932383537, 23.407350147839903, 19.474386197352146, 16.185010524486415, 13.441990063343322, 11.16338354913062, 9.280790109430896, 7.738491418630225, 6.495046327662756, 5.519321103440212, 5.222001091031786, 4.991321630091216, 4.828048389517487, 4.69012817054474, 4.519224603675754, 4.426962002987698, 4.254699472274112, 4.1233616639516315, 4.037942195625909, 3.8928871148164883, 3.770513968038975, 3.655997303489556, 3.5415695566936733, 3.421522681975896, 3.3165069694322122, 3.204692506389722, 3.0831760514201134, 2.996099778604215, 2.8662830764116936, 2.788855655145669, 2.624354045963303, 2.6176935237885948, 2.4707782010639026, 2.370512639861799, 2.274449554985918, 2.1699883864633644, 2.0948060286541224, 1.9972772376389019, 1.8967096998735395, 1.8216932776422352, 1.7372229707984077, 1.7194180338519234, 1.6515026201273229, 1.5557527715131387, 1.4762899848156645, 1.395616187638319, 1.3166928098093722, 1.2400428982863323, 1.1641195976493968, 1.0386421608669005, 1.0175951660918043, 0.962434999031253, 0.8800898424357605, 0.774536386785242, 0.7493014775881195, 0.6617824910137649, 0.6258451093531682, 0.5102790678168927, 0.4554720506618197, 0.35197599273608643, 0.3147109941232171, 0.27999736963575916, 0.21340142526639003, 0.1719376090382685, 0.1330309261487737, 0.10083700449462164, 0.0951613157631728, 0.03363065521564031, 0.007464496349846095, -0.014544409418254549, -0.03569854429953022, -0.09368948492470683, -0.09966973542779926, -0.13643599949316912, -0.1844097042025992, -0.2623041172872871, -0.3132035485899465, -0.44864821692461854, -0.6272455392578838, -0.7116902293781376, -0.8416676485341563, -0.947015978453425, -1.7062320674128306, -38.171858118098655]
82.09025979042053

36.918503761291504
183
[316.56624815360533, 268.3270977115305, 227.1302235877314, 192.04448351338814, 162.20822936533355, 136.86383287466265, 115.35539005262795, 97.11860702567499, 81.66958841299785, 68.59421125602458, 57.53855096135327, 48.20044458376662, 40.322142209953995, 33.68395033982317, 28.09875932373868, 23.40735014784657, 19.474386197341456, 16.18501052448422, 13.441990063341239, 11.163383549128342, 9.280790109432676, 7.7384914186582305, 6.49504632785598, 5.535503996587408, 5.2058630886754695, 4.991375413279501, 4.82824959937247, 4.689999093511562, 4.503503240842348, 4.442987552460632, 4.258821153783169, 4.128500574078602, 4.0286662046797925, 3.8929089399704577, 3.771705612883031, 3.6555657343741506, 3.540735184113987, 3.4235663073663094, 3.3152858734334836, 3.2036479947752854, 3.0879970734478555, 2.991398629783511, 2.8725370000453463, 2.782368406229017, 2.6420045901483, 2.6002186179133666, 2.4705830366897557, 2.371318683803329, 2.274827401939053, 2.175673222246876, 2.0898377448112426, 1.9954743286075058, 1.9007552433383557, 1.8176790094006188, 1.7242885186847154, 1.6457469029208485, 1.557325955808054, 1.4760635117820144, 1.3954789650592607, 1.3166155791902707, 1.2396422689145674, 1.1640526508126978, 1.022680175013675, 0.9802509924034883, 0.9474911427852998, 0.8809422996946095, 0.7938536886861359, 0.7493058980533991, 0.6258496572030587, 0.5101825601194135, 0.4552335013383386, 0.35197586248544044, 0.33894756865557035, 0.3192314083067465, 0.3086326293448308, 0.291662368470083, 0.2517477568109977, 0.21340135186655532, 0.17193760867190652, 0.13302725427654227, 0.09203174311539698, 0.03363065481628045, 0.03361632815777152, 0.007464496349846095, -0.014544409418254549, -0.03214449731930555, -0.03569854390017036, -0.0908644740485746, -0.13643232762087215, -0.1844096304482708, -0.23405450445096504, -0.2563765214185006, -0.2776417211675273, -0.29015479861219223, -0.3044224676263869, -0.4483132148449435, -0.7022407898457631, -0.827550429551949, -0.8346717199613936]
79.50241041183472

Integration

['-0.15', '0.03', '0.15', '0.18', '-0.15', '-0.03', '0.15', '-0.76', '-0.15']
['0.03', '-0.05', '0.03', '0.21', '-0.03', '0.05', '-0.03', '-1.30', '0.03']
['0.15', '0.03', '-0.15', '-0.06', '0.15', '-0.03', '-0.15', '-1.43', '0.15']
['0.18', '0.21', '-0.06', '-0.31', '-0.06', '0.21', '0.18', '-1.02', '-0.18']
['-0.15', '-0.03', '0.15', '-0.06', '-0.14', '0.03', '0.15', '-0.19', '-0.15']
['-0.03', '0.05', '-0.03', '0.21', '0.03', '-0.03', '0.03', '0.71', '-0.03']
['0.15', '-0.03', '-0.15', '0.18', '0.15', '0.03', '-0.12', '1.12', '0.15']
['-0.76', '-1.30', '-1.43', '-1.02', '-0.19', '0.71', '1.12', '1.17', '1.12']
['-0.15', '0.03', '0.15', '-0.18', '-0.15', '-0.03', '0.15', '1.12', '-0.11']

['1.45', '3.31', '4.59', '4.81', '4.35', '3.66', '2.98', '2.40', '1.92']
['3.31', '6.05', '8.12', '8.95', '8.48', '7.34', '6.06', '4.91', '3.94']
['4.59', '8.12', '10.41', '11.79', '11.93', '10.87', '9.26', '7.61', '6.16']
['4.81', '8.95', '11.79', '13.39', '14.18', '13.85', '12.42', '10.51', '8.64']
['4.35', '8.48', '11.93', '14.18', '15.32', '15.73', '15.11', '13.45', '11.36']
['3.66', '7.34', '10.87', '13.85', '15.73', '16.58', '16.76', '15.95', '14.15']
['2.98', '6.06', '9.26', '12.42', '15.11', '16.76', '17.44', '17.46', '16.55']
['2.40', '4.91', '7.61', '10.51', '13.45', '15.95', '17.46', '18.03', '17.96']
['1.92', '3.94', '6.16', '8.64', '11.36', '14.15', '16.55', '17.96', '18.47']

new
['1.4537', '3.3115', '4.5933', '4.8112', '4.3538', '3.6646', '2.9829', '2.3969', '1.9225']
['3.3115', '6.0486', '8.1227', '8.9471', '8.4758', '7.3367', '6.0615', '4.9054', '3.9450']
['4.5933', '8.1227', '10.4052', '11.7873', '11.9299', '10.8727', '9.2592', '7.6096', '6.1605']
['4.8112', '8.9471', '11.7873', '13.3920', '14.1842', '13.8524', '12.4208', '10.5144', '8.6357']
['4.3538', '8.4758', '11.9299', '14.1842', '15.3195', '15.7323', '15.1076', '13.4469', '11.3605']
['3.6646', '7.3367', '10.8727', '13.8524', '15.7323', '16.5808', '16.7584', '15.9538', '14.1507']
['2.9829', '6.0615', '9.2592', '12.4208', '15.1076', '16.7584', '17.4342', '17.4622', '16.5441']
['2.3969', '4.9054', '7.6096', '10.5144', '13.4469', '15.9538', '17.4622', '18.0329', '17.9614']
['1.9225', '3.9450', '6.1605', '8.6357', '11.3605', '14.1507', '16.5441', '17.9614', '18.4676']

old
['1.4543', '3.3107', '4.5938', '4.8108', '4.3541', '3.6645', '2.9830', '2.3968', '1.9226']
['3.3107', '6.0498', '8.1215', '8.9479', '8.4753', '7.3370', '6.0613', '4.9055', '3.9449']
['4.5938', '8.1215', '10.4066', '11.7860', '11.9308', '10.8721', '9.2596', '7.6094', '6.1607']
['4.8108', '8.9479', '11.7860', '13.3935', '14.1829', '13.8534', '12.4202', '10.5148', '8.6354']
['4.3541', '8.4753', '11.9308', '14.1829', '15.3211', '15.7309', '15.1086', '13.4463', '11.3609']
['3.6645', '7.3370', '10.8721', '13.8534', '15.7309', '16.5824', '16.7570', '15.9548', '14.1501']
['2.9830', '6.0613', '9.2596', '12.4202', '15.1086', '16.7570', '17.4358', '17.4608', '16.5451']
['2.3968', '4.9055', '7.6094', '10.5148', '13.4463', '15.9548', '17.4608', '18.0345', '17.9599']
['1.9226', '3.9449', '6.1607', '8.6354', '11.3609', '14.1501', '16.5451', '17.9599', '18.4692']

['1.4543', '3.3107', '4.5938', '0.0000', '4.3541', '3.6645', '2.9830', '0.0000', '1.9226']
['3.3107', '6.0498', '8.1215', '0.0000', '8.4753', '7.3370', '6.0613', '-0.0000', '3.9449']
['4.5938', '8.1215', '10.4066', '-0.0000', '11.9308', '10.8721', '9.2596', '-0.0000', '6.1607']
['0.0000', '0.0000', '-0.0000', '0.0089', '0.0000', '-0.0000', '-0.0000', '-0.0000', '0.0000']
['4.3541', '8.4753', '11.9308', '0.0000', '15.3211', '15.7309', '15.1086', '0.0000', '11.3609']
['3.6645', '7.3370', '10.8721', '-0.0000', '15.7309', '16.5824', '16.7570', '0.0000', '14.1501']
['2.9830', '6.0613', '9.2596', '-0.0000', '15.1086', '16.7570', '17.4358', '-0.0000', '16.5451']
['0.0000', '-0.0000', '-0.0000', '-0.0000', '0.0000', '0.0000', '-0.0000', '0.0356', '0.0000']
['1.9226', '3.9449', '6.1607', '0.0000', '11.3609', '14.1501', '16.5451', '0.0000', '18.4692']

Total time: 6.476 s
